43,52
43,51
43,50
43,49
43,48
43,47
43,46
43,45
43,44
43,43
43,42
43,41
43,40
43,39
43,38
43,37
43,36
43,35
40,4
41,1
41,3
30,1
30,3
33,1
33,3
31,1
31,3
40,1
40,3
0,273
0,270
3,2
3,1
3,3
10,74
10,240
10,210
10,136
10,258
10,224
10,298
10,1
10,192
10,2
10,3
11,29
11,22
11,21
11,12
11,20
11,15
11,1
11,16
11,2
11,3
9,7
9,4
9,1
9,6
9,2
9,3
<<<<<<< HEAD
8,8
8,16
8,14
8,10
8,5
8,15
8,1
8,11
=======
8,9
8,14
8,4
8,11
8,1
8,15
>>>>>>> 7fa319441c6714e16918418ce0edc251d474ce34
8,2
8,3
12,2
12,1
12,3
20,2
20,1
20,3
19,2
19,1
19,3
18,1
18,3
14,1
14,3
13,1
13,3
2,2
2,1
2,3
0,0
<<<<<<< HEAD
42,34
42,33
42,32
42,31
42,30
42,29
42,28
42,27
42,26
42,25
42,24
42,23
42,22
42,21
42,20
42,19
42,18
42,17
42,16
42,15
42,14
42,13
42,12
42,11
42,10
42,9
42,8
42,7
=======
43,34
43,33
43,32
43,31
43,30
43,29
43,28
>>>>>>> 7fa319441c6714e16918418ce0edc251d474ce34
